name: braburg
channels:
  - anaconda
  - conda-forge
  - defaults
dependencies:
  - asttokens=2.4.1=pyhd8ed1ab_0
  - beautifulsoup4=4.12.2=py39haa95532_0
  - blas=1.0=mkl
  - bottleneck=1.3.5=py39h080aedc_0
  - brotli-python=1.0.9=py39hd77b12b_7
  - ca-certificates=2023.12.12=haa95532_0
  - certifi=2024.2.2=py39haa95532_0
  - cffi=1.16.0=py39h2bbff1b_0
  - charset-normalizer=2.0.4=pyhd3eb1b0_0
  - colorama=0.4.6=pyhd8ed1ab_0
  - comm=0.2.1=pyhd8ed1ab_0
  - cryptography=41.0.3=py39h89fc84f_0
  - debugpy=1.8.0=py39h99910a6_1
  - decorator=5.1.1=pyhd8ed1ab_0
  - exceptiongroup=1.2.0=pyhd8ed1ab_2
  - executing=2.0.1=pyhd8ed1ab_0
  - idna=3.4=py39haa95532_0
  - importlib-metadata=7.0.1=pyha770c72_0
  - importlib_metadata=7.0.1=hd8ed1ab_0
  - intel-openmp=2023.1.0=h59b6b97_46320
  - ipykernel=6.29.0=pyha63f2e9_0
  - ipython=8.18.1=pyh7428d3b_3
  - jedi=0.19.1=pyhd8ed1ab_0
  - jupyter_client=8.6.0=pyhd8ed1ab_0
  - jupyter_core=5.7.1=py39hcbf5309_0
  - libsodium=1.0.18=h8d14728_1
  - matplotlib-inline=0.1.6=pyhd8ed1ab_0
  - mkl=2023.1.0=h6b88ed4_46358
  - mkl-service=2.4.0=py39h2bbff1b_1
  - mkl_fft=1.3.8=py39h2bbff1b_0
  - mkl_random=1.2.4=py39h59b6b97_0
  - nest-asyncio=1.6.0=pyhd8ed1ab_0
  - numexpr=2.8.7=py39h2cd9be0_0
  - numpy=1.26.3=py39h055cbcc_0
  - numpy-base=1.26.3=py39h65a83cf_0
  - openssl=3.2.0=hcfcfb64_1
  - packaging=23.2=pyhd8ed1ab_0
  - pandas=2.1.4=py39h4ed8f06_0
  - parso=0.8.3=pyhd8ed1ab_0
  - pickleshare=0.7.5=py_1003
  - pip=23.3.1=py39haa95532_0
  - platformdirs=4.1.0=pyhd8ed1ab_0
  - prompt-toolkit=3.0.42=pyha770c72_0
  - psutil=5.9.8=py39ha55989b_0
  - pure_eval=0.2.2=pyhd8ed1ab_0
  - pycparser=2.21=pyhd3eb1b0_0
  - pygments=2.17.2=pyhd8ed1ab_0
  - pyopenssl=23.2.0=py39haa95532_0
  - pysocks=1.7.1=py39haa95532_0
  - python=3.9.18=h1aa4202_0
  - python-dateutil=2.8.2=pyhd3eb1b0_0
  - python-tzdata=2023.3=pyhd3eb1b0_0
  - python_abi=3.9=2_cp39
  - pytz=2023.3.post1=py39haa95532_0
  - pywin32=306=py39h99910a6_2
  - pyzmq=25.1.2=py39h7eaf5a6_0
  - requests=2.31.0=py39haa95532_0
  - setuptools=68.2.2=py39haa95532_0
  - six=1.16.0=pyhd3eb1b0_1
  - soupsieve=2.5=py39haa95532_0
  - sqlite=3.41.2=h2bbff1b_0
  - stack_data=0.6.2=pyhd8ed1ab_0
  - tbb=2021.8.0=h59b6b97_0
  - tornado=6.3.3=py39ha55989b_1
  - traitlets=5.14.1=pyhd8ed1ab_0
  - typing_extensions=4.9.0=pyha770c72_0
  - tzdata=2023d=h04d1e81_0
  - ucrt=10.0.22621.0=h57928b3_0
  - urllib3=1.26.18=py39haa95532_0
  - vc=14.2=h21ff451_1
  - vc14_runtime=14.38.33130=h82b7239_18
  - vs2015_runtime=14.38.33130=hcb4865c_18
  - wcwidth=0.2.13=pyhd8ed1ab_0
  - wheel=0.41.2=py39haa95532_0
  - win_inet_pton=1.1.0=py39haa95532_0
  - zeromq=4.3.5=h63175ca_0
  - zipp=3.17.0=pyhd8ed1ab_0
  - pip:
      - annotated-types==0.6.0
      - anyio==4.3.0
      - distro==1.9.0
      - h11==0.14.0
      - httpcore==1.0.5
      - httpx==0.27.0
      - iniconfig==2.0.0
      - openai==1.14.3
      - pluggy==1.4.0
      - pydantic==2.6.4
      - pydantic-core==2.16.3
      - pytest==8.1.1
      - python-dotenv==1.0.1
      - sniffio==1.3.1
      - tomli==2.0.1
      - tqdm==4.66.2
      - validators==0.28.0
prefix: C:\Users\brade\miniconda3\envs\braburg
